#ifndef _RFFILE_H_
#define _RFFILE_H_
#include "mmse.h"

COMPLEX Rh[dim][dim] = {
		{0.9923605-1.473294e-18i,0.7571874+0.6392643i,0.1660676+0.9738621i,-0.4981357+0.8478866i,-0.9214447+0.3263791i,-0.9091437-0.3398629i,-0.475085-0.8373978i,0.170598-0.9389542i,0.725243-0.606546i,0.9363239-0.002935024i,0.7155458+0.5895012i,0.1737773+0.9012655i,-0.4354532+0.7975437i,-0.8348231+0.335083i,-0.848941-0.2689278i,-0.4804402-0.739119i,0.09612591-0.8673249i,0.6173941-0.6041381i,0.851651-0.07653067i,0.701372+0.4740028i,0.2425521+0.8023378i,-0.3143266+0.7683919i,-0.7212598+0.395566i,-0.8026096-0.1445868i,-0.5295516-0.6116438i,-0.02844205-0.8026801i,0.768562-0.1977878i,0.7198167+0.3253366i,0.3566568+0.701552i,-0.1600238+0.768383i,-0.6042769+0.4987803i,-0.7829618+0.01156627i,-0.6186883-0.4806244i,-0.1827418-0.76318i,0.3355961-0.7118937i,0.7101154-0.3468326i,0.7749915+0.1750823i,0.4974228+0.6261601i,-0.005569433+0.8057019i,-0.5148153+0.628593i,-0.802889+0.1661914i,-0.7351714-0.3804646i,-0.3335189-0.7665808i,0.2281647-0.8129798i,0.6979994-0.490103i,0.8590484+0.06347396i,0.6302434+0.5995879i,0.1076793+0.871769i,-0.4750044+0.7490132i,-0.8509588+0.2791105i,-0.8423502-0.3290507i,-0.4445038-0.7978246i},
		{0.7571874-0.6392643i,0.9911076-6.838937e-19i,0.7562658+0.6382604i,0.1661984+0.9724203i,-0.4969316+0.8469796i,-0.919928+0.3266666i,-0.908322-0.3385384i,-0.4754918-0.8358959i,0.1692452-0.9382181i,0.7237912-0.6069857i,0.935604-0.004243547i,0.7159121+0.588069i,0.1750105+0.9004462i,-0.4339581+0.7977437i,-0.8337836+0.3362558i,-0.8489232-0.2672714i,-0.481598-0.7377788i,0.09423989-0.8670927i,0.6157489-0.6053288i,0.8512592-0.07864362i,0.7026145+0.4721384i,0.244798+0.801874i,-0.3124072+0.7696549i,-0.7208171+0.3977686i,-0.803809-0.1428179i,-0.53149-0.6112951i,0.4776695-0.640585i,0.7692784-0.1987218i,0.7206629+0.3252426i,0.3570515+0.7018866i,-0.1600229+0.7685736i,-0.6042172+0.4986775i,-0.7825742+0.01151299i,-0.6182023-0.4802376i,-0.1826568-0.7623841i,0.3350179-0.7111709i,0.7091267-0.3467065i,0.7741668+0.1744852i,0.497213+0.6251839i,-0.005120494+0.8048645i,-0.5139993+0.6282369i,-0.8020698+0.1663711i,-0.7346113-0.3798733i,-0.3333816-0.7657636i,0.2277822-0.8121893i,0.6971495-0.4896804i,0.8580526+0.06323124i,0.6296301+0.5986858i,0.1078636+0.8706478i,-0.4740722+0.7483331i,-0.8498327+0.2792902i,-0.8417157-0.3281598i},
		{0.1660676-0.9738621i,0.7562658-0.6382604i,0.9896555-2.714996e-20i,0.7552469+0.6371402i,0.1663471+0.9708774i,-0.4956805+0.8460444i,-0.9184012+0.3269548i,-0.9075047-0.337245i,-0.4758559-0.8344446i,0.1679863-0.9374796i,0.7224072-0.607333i,0.9348469-0.005429805i,0.716152+0.5866808i,0.1761351+0.8995495i,-0.4324605+0.7978172i,-0.8326471+0.3373684i,-0.84882-0.2655699i,-0.4827597-0.736363i,0.09229691-0.8668514i,0.6140977-0.6065778i,0.8509524-0.08077737i,0.7039383+0.4703783i,0.2469798+0.8015834i,-0.3107201+0.7709799i,-0.7206084+0.39979i,-0.8050131-0.141397i,-0.03086229-0.804642i,0.4776819-0.6416602i,0.7698502-0.1992169i,0.7210891+0.325328i,0.3570516+0.7020361i,-0.1601392+0.768381i,-0.6039797+0.4982701i,-0.7818999+0.01139217i,-0.617521-0.4797302i,-0.1825254-0.7614331i,0.3344131-0.7103531i,0.7081175-0.3465218i,0.7733158+0.1739683i,0.4969066+0.6242946i,-0.00484381+0.8040297i,-0.5133311+0.6277386i,-0.8012495+0.166324i,-0.7338774-0.3794421i,-0.3330113-0.7649277i,0.2275363-0.8112262i,0.6962724-0.489063i,0.8569256+0.06308927i,0.6288876+0.5977762i,0.1079706+0.8694714i,-0.4731873+0.7475924i,-0.8487446+0.2793859i},
		{-0.4981357-0.8478866i,0.1661984-0.9724203i,0.7552469-0.6371402i,0.9881037-1.619281e-18i,0.7541974+0.6359831i,0.1664963+0.9693356i,-0.4944682+0.8451322i,-0.9169518+0.3272142i,-0.9067233-0.3360577i,-0.476149-0.8331048i,0.1668701-0.9367557i,0.7211235-0.6075752i,0.9340679-0.006479215i,0.7162812+0.5853494i,0.1771685+0.8986043i,-0.4309682+0.7978135i,-0.831468+0.3384587i,-0.8487096-0.2638428i,-0.4839662-0.7349553i,0.09034032-0.8666949i,0.6125482-0.6079121i,0.8508219-0.08286224i,0.7053456+0.4688382i,0.2490099+0.8015371i,-0.3093686+0.7723429i,-0.7206725+0.4015426i,-0.5343984-0.6113625i,-0.03141176-0.8054703i,0.4779014-0.6423185i,0.7702504-0.1992935i,0.7211152+0.3255544i,0.3567153+0.7020036i,-0.1603373+0.7678701i,-0.6036022+0.4976369i,-0.7810346+0.01122363i,-0.6167244-0.479169i,-0.1823462-0.7604333i,0.3338628-0.7095052i,0.7071836-0.3462595i,0.7724811+0.1736078i,0.4964789+0.6235619i,-0.004792938+0.8032205i,-0.5128492+0.6270831i,-0.8004419+0.16603i,-0.7329787-0.3791828i,-0.3324228-0.7640921i,0.227425-0.8101304i,0.6954049-0.488292i,0.8557361+0.06304711i,0.628069+0.5969186i,0.1079884+0.8683268i,-0.4724277+0.7468405i},
		{-0.9214447-0.3263791i,-0.4969316-0.8469796i,0.1663471-0.9708774i,0.7541974-0.6359831i,0.9865569-1.723011e-18i,0.7531831+0.6348662i,0.1666311+0.9678881i,-0.4933659+0.8442873i,-0.9156474+0.3274254i,-0.9060029-0.3350249i,-0.4763612-0.8319132i,0.165912-0.9360627i,0.7199509-0.6077262i,0.9332891-0.007410391i,0.7163447+0.584073i,0.1781541+0.8976521i,-0.4294844+0.7978067i,-0.8303145+0.3395783i,-0.8486844-0.2621131i,-0.4852591-0.7336485i,0.08841953-0.8667165i,0.611205-0.6093492i,0.8509431-0.0848267i,0.7068243+0.467616i,0.2508091+0.8017789i,-0.3084237+0.773708i,-0.8072653-0.1398421i,-0.5352672-0.6117561i,-0.03152959-0.8061467i,0.4782824-0.6425701i,0.7704684-0.1990104i,0.7207975+0.3258734i,0.3561272+0.7018119i,-0.160581+0.7671323i,-0.6031388+0.4968687i,-0.7800859+0.01102232i,-0.6158913-0.478627i,-0.1821138-0.7594863i,0.3334404-0.708683i,0.7064022-0.3459031i,0.7716944+0.1734588i,0.4959169+0.6230299i,-0.004991119+0.8024526i,-0.5125662+0.6262761i,-0.7996609+0.1655025i,-0.7319491-0.3790874i,-0.3316599-0.7632825i,0.2274346-0.8089649i,0.6945925-0.4874284i,0.8545681+0.06309955i,0.6272355+0.5961775i,0.1079062+0.8673034i},
		{-0.9091437+0.3398629i,-0.919928-0.3266666i,-0.4956805-0.8460444i,0.1664963-0.9693356i,0.7531831-0.6348662i,0.98511+2.902755e-19i,0.7522593+0.6338543i,0.1667415+0.9666063i,-0.4924203+0.8435423i,-0.9145276+0.3275817i,-0.9053607-0.3341629i,-0.4765034-0.8308791i,0.1650936-0.935416i,0.7188797-0.6078241i,0.9325388-0.008269954i,0.7164091+0.5828401i,0.1791517+0.8967441i,-0.4280124+0.7978837i,-0.8292619+0.3407815i,-0.8488356-0.2604092i,-0.48667-0.7325333i,0.08658832-0.8669929i,0.6101575-0.6108894i,0.8513628-0.08660241i,0.7083456+0.4667801i,0.2523132+0.802317i,-0.7216102+0.404001i,-0.8082232-0.1397231i,-0.5357338-0.6123282i,-0.03127339-0.806645i,0.4787639-0.64246i,0.7705091-0.1984551i,0.7202188+0.3262329i,0.3553859+0.7014984i,-0.1608384+0.7662721i,-0.6026507+0.4960552i,-0.7791576+0.0107971i,-0.6150886-0.4781721i,-0.1818205-0.758675i,0.3332013-0.7079262i,0.7058232-0.345442i,0.7709736+0.1735481i,0.4952227+0.622713i,-0.005428581+0.8017347i,-0.5124693+0.6253438i,-0.7989202+0.1647846i,-0.7308429-0.3791308i,-0.3307875-0.7625287i,0.2275439-0.8078069i,0.6938839-0.4865419i,0.8535082+0.06324004i,0.6264455+0.5956145i},
		{-0.475085+0.8373978i,-0.908322+0.3385384i,-0.9184012-0.3269548i,-0.4944682-0.8451322i,0.1666311-0.9678881i,0.7522593-0.6338543i,0.9838361+6.649973e-19i,0.7514648+0.6329907i,0.1668242+0.9655319i,-0.4916483+0.8429146i,-0.9136006+0.3276909i,-0.9048053-0.333455i,-0.4766062-0.8299862i,0.1643678-0.9348304i,0.7178852-0.6079262i,0.9318503-0.009122471i,0.7165531+0.5816353i,0.1802247+0.8959365i,-0.4265597+0.7981307i,-0.8283843+0.3421115i,-0.8492386-0.2587664i,-0.4882104-0.7316875i,0.08490254-0.8675717i,0.6094693-0.6125103i,0.8520901-0.08812882i,0.7098625+0.466362i,-0.307836+0.7762523i,-0.7223964+0.404655i,-0.8090117-0.1399832i,-0.5358288-0.6130056i,-0.03073114-0.8069502i,0.4792776-0.6420586i,0.7703906-0.197731i,0.719476+0.3265836i,0.3545894+0.7011097i,-0.1610858+0.7653913i,-0.6021976+0.4952731i,-0.7783357+0.01055018i,-0.6143637-0.4778582i,-0.1814587-0.7580536i,0.3331754-0.7072548i,0.705463-0.3448741i,0.7703223+0.1738707i,0.4944132+0.6225955i,-0.006065304+0.8010687i,-0.5125245+0.6243293i,-0.7982334+0.163942i,-0.7297274-0.3792777i,-0.3298807-0.7618622i,0.2277295-0.8067364i,0.6933258-0.4856992i,0.8526323+0.06346365i},
		{0.170598+0.9389542i,-0.4754918+0.8358959i,-0.9075047+0.337245i,-0.9169518-0.3272142i,-0.4933659-0.8442873i,0.1667415-0.9666063i,0.7514648-0.6329907i,0.9827773+1.325514e-19i,0.7508172+0.632293i,0.1668832+0.9646726i,-0.4910365+0.8424066i,-0.9128454+0.327774i,-0.9043384-0.3328565i,-0.4767145-0.829199i,0.163669-0.9343209i,0.7169356-0.6080996i,0.9312596-0.01003704i,0.7168543+0.5804468i,0.1814258+0.895285i,-0.425143+0.7986186i,-0.8277461+0.3435899i,-0.8499397-0.2572269i,-0.4898646-0.7311676i,0.08341744-0.8684617i,0.6091706-0.6141649i,0.853093-0.08935691i,0.254277+0.8041269i,-0.3081309+0.7773187i,-0.7232902+0.4049363i,-0.809595-0.1405368i,-0.5356072-0.6137051i,-0.03000753-0.8070592i,0.4797577-0.6414506i,0.7701414-0.1969413i,0.7186651+0.3268866i,0.3538217+0.700694i,-0.1613106+0.7645758i,-0.6018296+0.4945757i,-0.777677+0.01027713i,-0.6137384-0.4777175i,-0.1810218-0.7576411i,0.3333638-0.7066679i,0.7053049-0.3442059i,0.7697312+0.1743927i,0.4935181+0.622637i,-0.00683873+0.8004519i,-0.5126843+0.6232865i,-0.7976137+0.1630511i,-0.7286721-0.3794895i,-0.3290114-0.761313i,0.2279719-0.8058236i,0.6929567-0.4849525i},
		{0.725243+0.606546i,0.1692452+0.9382181i,-0.4758559+0.8344446i,-0.9067233+0.3360577i,-0.9156474-0.3274254i,-0.4924203-0.8435423i,0.1668242-0.9655319i,0.7508172-0.632293i,0.981941+4.579107e-19i,0.750313+0.631752i,0.1669292+0.9640043i,-0.4905453+0.8420074i,-0.9122186+0.3278622i,-0.9039569-0.3323044i,-0.4768814-0.8284723i,0.1629261-0.933903i,0.7160018-0.6084104i,0.9308028-0.01107259i,0.7173765+0.5792733i,0.1827846+0.8948389i,-0.4237907+0.7993907i,-0.8273951+0.3452072i,-0.8509471-0.2558394i,-0.4915866-0.7310021i,0.08218482-0.86963i,0.6092563-0.6157837i,0.7126215+0.4667088i,0.2547108+0.8052399i,-0.3087205+0.7781717i,-0.7241948+0.4048812i,-0.8099467-0.1412807i,-0.5351381-0.6143448i,-0.02920816-0.8069798i,0.48015-0.6407226i,0.7697959-0.1961749i,0.7178684+0.3271184i,0.353141+0.7002954i,-0.1615132+0.7638837i,-0.6015808+0.4939868i,-0.7772035+0.009967503i,-0.613208-0.4777587i,-0.1805058-0.7574217i,0.3337414-0.706146i,0.7053045-0.3434521i,0.7691817+0.1750582i,0.4925753+0.6227806i,-0.007675127+0.7998788i,-0.5128974+0.6222716i,-0.7970734+0.1621855i,-0.7277384-0.3797329i,-0.3282362-0.7609063i,0.22826-0.8051183i},
		{0.9363239+0.002935024i,0.7237912+0.6069857i,0.1679863+0.9374796i,-0.476149+0.8331048i,-0.9060029+0.3350249i,-0.9145276-0.3275817i,-0.4916483-0.8429146i,0.1668832-0.9646726i,0.750313-0.631752i,0.9813025-1.201416e-19i,0.7499295+0.6313357i,0.1669783+0.9634787i,-0.4901177+0.841697i,-0.9116647+0.3279921i,-0.9036567-0.3317298i,-0.4771589-0.8277624i,0.1620777-0.9335935i,0.7150667-0.608913i,0.9305136-0.01226427i,0.7181585+0.5781301i,0.1842972+0.8946365i,-0.4225445+0.800454i,-0.8273574+0.3469191i,-0.8522272-0.2546576i,-0.4933013-0.7311895i,0.08125013-0.8710036i,0.8556157-0.09079389i,0.7137132+0.4673548i,0.2547949+0.8063523i,-0.3095063+0.7787616i,-0.725014+0.4045407i,-0.8100531-0.1421104i,-0.5344948-0.6148562i,-0.02842415-0.8067302i,0.4804201-0.6399504i,0.7693903-0.1954935i,0.7171438+0.3272752i,0.3525726+0.6999493i,-0.1617078+0.7633399i,-0.6014673+0.4934987i,-0.7769019+0.009606023i,-0.6127437-0.4779669i,-0.1799087-0.7573501i,0.3342623-0.7056554i,0.7053995-0.3426325i,0.7686498+0.1758001i,0.4916247+0.622965i,-0.00850276+0.7993434i,-0.5131186+0.6213343i,-0.7966233+0.1614035i,-0.7269701-0.3799871i,-0.3275857-0.7606602i},
		{0.7155458-0.5895012i,0.935604+0.004243547i,0.7224072+0.607333i,0.1668701+0.9367557i,-0.4763612+0.8319132i,-0.9053607+0.3341629i,-0.9136006-0.3276909i,-0.4910365-0.8424066i,0.1669292-0.9640043i,0.7499295-0.6313357i,0.9808115+1.420463e-18i,0.7496322+0.6309968i,0.167049+0.9630343i,-0.4896913+0.841453i,-0.9111296+0.3281996i,-0.9034356-0.3310727i,-0.4775899-0.8270394i,0.1610856-0.9334106i,0.7141335-0.6096401i,0.9304211-0.01361311i,0.719206+0.5770516i,0.185922+0.8947019i,-0.4214585+0.8017759i,-0.8276358+0.3486477i,-0.8537071-0.2537362i,-0.4949113-0.7316999i,0.6104023-0.6185581i,0.8569189-0.09097873i,0.7145155+0.4682004i,0.2545598+0.8073558i,-0.3103875+0.7790523i,-0.7256659+0.4039722i,-0.8099144-0.1429347i,-0.5337441-0.6151941i,-0.02771923-0.806337i,0.4805592-0.6391898i,0.7689592-0.1949237i,0.716519+0.3273737i,0.3521066+0.6996788i,-0.1619201+0.7629352i,-0.6014867+0.4930749i,-0.776729+0.009174179i,-0.6122987-0.4783097i,-0.179231-0.7573615i,0.3348697-0.7051553i,0.7055213-0.3417687i,0.7681122+0.1765524i,0.490702+0.6231357i,-0.009264686+0.7988422i,-0.5133183+0.6205102i,-0.796273+0.160737i,-0.7263865-0.3802487i},
		{0.1737773-0.9012655i,0.7159121-0.588069i,0.9348469+0.005429805i,0.7211235+0.6075752i,0.165912+0.9360627i,-0.4765034+0.8308791i,-0.9048053+0.333455i,-0.9128454-0.327774i,-0.4905453-0.8420074i,0.1669783-0.9634787i,0.7496322-0.6309968i,0.9804046-3.928753e-19i,0.7493821+0.6306829i,0.1671598+0.9626102i,-0.4892111+0.841256i,-0.9105732+0.3285143i,-0.9032974-0.3302945i,-0.4781997-0.826296i,0.1599453-0.9333739i,0.7132297-0.6105959i,0.9305468-0.01508064i,0.7204884+0.5760918i,0.1875801+0.8950421i,-0.4205957+0.8032857i,-0.8282098+0.3502877i,-0.8552827-0.2531274i,0.08040881-0.8739346i,0.6113173-0.6195266i,0.8580936-0.09081563i,0.7149704+0.4691511i,0.2540451+0.8081571i,-0.3112755+0.7790256i,-0.7260951+0.4032313i,-0.8095461-0.1436892i,-0.5329384-0.615344i,-0.02712142-0.8058332i,0.4805857-0.6384709i,0.7685335-0.1944548i,0.7159902+0.3274496i,0.3517013+0.6994954i,-0.1621853+0.7626314i,-0.6016223+0.492658i,-0.7766216+0.008652184i,-0.6118175-0.4787443i,-0.1784745-0.7573847i,0.3355074-0.704606i,0.7056094-0.3408803i,0.767551+0.1772625i,0.4898331+0.623256i,-0.009929118+0.7983757i,-0.513489+0.6198152i,-0.7960302+0.1601861i},
		{-0.4354532-0.7975437i,0.1750105-0.9004462i,0.716152-0.5866808i,0.9340679+0.006479215i,0.7199509+0.6077262i,0.1650936+0.935416i,-0.4766062+0.8299862i,-0.9043384+0.3328565i,-0.9122186-0.3278622i,-0.4901177-0.841697i,0.167049-0.9630343i,0.7493821-0.6306829i,0.9800184+8.269255e-19i,0.7491451+0.6303477i,0.1673257+0.9621601i,-0.4886415+0.8410965i,-0.9099807+0.3289536i,-0.9032533-0.3293891i,-0.4789914-0.8255538i,0.1586916-0.9335036i,0.7124085-0.6117536i,0.9309036-0.01658973i,0.7219407+0.5753201i,0.1891628+0.8956481i,-0.4200222+0.8048835i,-0.8290401+0.3517187i,-0.4973784-0.7334628i,0.08053924-0.8752478i,0.6123485-0.6201077i,0.8590378-0.09032546i,0.7150419+0.4701234i,0.2532939+0.8086918i,-0.3121065+0.7786853i,-0.7262815+0.4023654i,-0.8089784-0.1443446i,-0.5321099-0.615325i,-0.02662036-0.8052561i,0.4805437-0.6377971i,0.7681385-0.1940418i,0.7155271+0.3275535i,0.3512913+0.6994001i,-0.1625432+0.7623706i,-0.6018485+0.4921799i,-0.7765095+0.008021119i,-0.6112455-0.4792272i,-0.1776413-0.757356i,0.3361297-0.7039761i,0.705622-0.3399819i,0.766958+0.1779005i,0.4890296+0.6233147i,-0.0104956+0.7979501i,-0.5136481+0.6192434i},
		{-0.8348231-0.335083i,-0.4339581-0.7977437i,0.1761351-0.8995495i,0.7162812-0.5853494i,0.9332891+0.007410391i,0.7188797+0.6078241i,0.1643678+0.9348304i,-0.4767145+0.829199i,-0.9039569+0.3323044i,-0.9116647-0.3279921i,-0.4896913-0.841453i,0.1671598-0.9626102i,0.7491451-0.6303477i,0.9796049-9.401127e-19i,0.7489002+0.6299617i,0.1675557+0.9616644i,-0.487976+0.8409786i,-0.9093689+0.3295195i,-0.9033226-0.3283871i,-0.4799435-0.8248652i,0.1573977-0.933819i,0.7117446-0.613057i,0.9314945-0.0180315i,0.723471+0.5748151i,0.190543+0.8964958i,-0.4198008+0.806452i,-0.8582326-0.2530138i,-0.4980323-0.7345744i,0.08103901-0.8763111i,0.6134189-0.6202489i,0.8596796-0.08953794i,0.714722+0.4710551i,0.252348+0.8089339i,-0.3128497+0.7780581i,-0.7262432+0.4014093i,-0.8082548-0.1449094i,-0.5312701-0.6151878i,-0.02617073-0.8046455i,0.4804976-0.6371483i,0.7677945-0.1936148i,0.715081+0.3277442i,0.3507992+0.699387i,-0.1630333+0.7620882i,-0.602138+0.4915743i,-0.7763299+0.007265103i,-0.6105397-0.4797233i,-0.1767338-0.7572314i,0.336711-0.7032493i,0.7055456-0.3390807i,0.7663376+0.1784658i,0.4882883+0.62333i,-0.01099598+0.7975774i},
		{-0.848941+0.2689278i,-0.8337836-0.3362558i,-0.4324605-0.7978172i,0.1771685-0.8986043i,0.7163447-0.584073i,0.9325388+0.008269954i,0.7178852+0.6079262i,0.163669+0.9343209i,-0.4768814+0.8284723i,-0.9036567+0.3317298i,-0.9111296-0.3281996i,-0.4892111-0.841256i,0.1673257-0.9621601i,0.7489002-0.6299617i,0.9791426-1.060472e-18i,0.7486463+0.6295199i,0.1678505+0.9611373i,-0.4872416+0.8409221i,-0.9087893+0.3301967i,-0.9035323-0.327356i,-0.4810109-0.8243086i,0.1561687-0.9343368i,0.7113266-0.6144262i,0.9323128-0.01927778i,0.7249715+0.574655i,0.1915917+0.8975499i,-0.8312526+0.3534815i,-0.8593743-0.2535575i,-0.4982019-0.7357469i,0.08189172-0.8770475i,0.6144694-0.6199309i,0.8599877-0.08848896i,0.7140331+0.4719138i,0.2512444+0.8088997i,-0.3135101+0.7771922i,-0.7260356+0.4003834i,-0.8074287-0.1454265i,-0.5304118-0.6150084i,-0.02570122-0.8040414i,0.4805238-0.6364885i,0.7675171-0.1930909i,0.7145966+0.3280815i,0.3501499+0.6994478i,-0.16369+0.7617258i,-0.6024689+0.4907885i,-0.7760394+0.006373319i,-0.6096769-0.4802132i,-0.1757538-0.7569962i,0.337251-0.7024288i,0.7053984-0.3381757i,0.7657079+0.1789875i,0.4875912+0.6233474i},
		{-0.4804402+0.739119i,-0.8489232+0.2672714i,-0.8326471-0.3373684i,-0.4309682-0.7978135i,0.1781541-0.8976521i,0.7164091-0.5828401i,0.9318503+0.009122471i,0.7169356+0.6080996i,0.1629261+0.933903i,-0.4771589+0.8277624i,-0.9034356+0.3310727i,-0.9105732-0.3285143i,-0.4886415-0.8410965i,0.1675557-0.9616644i,0.7486463-0.6295199i,0.9786447+8.038244e-19i,0.7484046+0.6290462i,0.1682024+0.9606292i,-0.4864987+0.8409621i,-0.908323+0.3309538i,-0.9039134-0.3263938i,-0.4821299-0.8239804i,0.1551291-0.9350688i,0.711246-0.6157677i,0.9333427-0.02019726i,0.7263317+0.5749075i,-0.4206+0.8090363i,-0.8325185+0.3536297i,-0.8601784-0.2545031i,-0.4978588-0.7369252i,0.08306725-0.8774213i,0.6154659-0.6191725i,0.8599758-0.0872181i,0.713028+0.4726995i,0.2500138+0.808647i,-0.3141254+0.7761542i,-0.7257438+0.3992954i,-0.80656-0.1459647i,-0.529515-0.6148782i,-0.02512756-0.8034824i,0.4807004-0.6357759i,0.7673194-0.1923896i,0.7140244+0.3286173i,0.3492837+0.6995762i,-0.1645373+0.761244i,-0.60283+0.4897934i,-0.7756238+0.005341714i,-0.6086589-0.4806975i,-0.1747027-0.756669i,0.3377752-0.7015378i,0.7052293-0.3372588i,0.7650989+0.1795203i},
		{0.09612591+0.8673249i,-0.481598+0.7377788i,-0.84882+0.2655699i,-0.831468-0.3384587i,-0.4294844-0.7978067i,0.1791517-0.8967441i,0.7165531-0.5816353i,0.9312596+0.01003704i,0.7160018+0.6084104i,0.1620777+0.9335935i,-0.4775899+0.8270394i,-0.9032974+0.3302945i,-0.9099807-0.3289536i,-0.487976-0.8409786i,0.1678505-0.9611373i,0.7484046-0.6290462i,0.9781616-1.037792e-19i,0.7482188+0.6285928i,0.1685952+0.9602231i,-0.485835+0.8411446i,-0.9080721+0.3317465i,-0.9044974-0.3256166i,-0.4832258-0.8239824i,0.1544069-0.93602i,0.7115842-0.6169857i,0.93456-0.0206732i,0.1922677+0.9001054i,-0.4216608+0.8098683i,-0.833822+0.3532279i,-0.8606061-0.2558257i,-0.4970178-0.7380736i,0.08452313-0.8774429i,0.6164021-0.6180298i,0.8597017-0.08576676i,0.711785+0.473442i,0.2486802+0.8082668i,-0.3147581+0.7750233i,-0.7254712+0.3981439i,-0.8057105-0.1466055i,-0.5285547-0.6148918i,-0.0243677-0.803004i,0.4810964-0.6349734i,0.7672128-0.1914469i,0.7133319+0.3293893i,0.3481676+0.6997715i,-0.1655858+0.7606311i,-0.6032243+0.4885905i,-0.7751024+0.004174213i,-0.6075144-0.481198i,-0.1735831-0.7563006i,0.3383313-0.7006187i,0.7051113-0.3363175i},
		{0.6173941+0.6041381i,0.09423989+0.8670927i,-0.4827597+0.736363i,-0.8487096+0.2638428i,-0.8303145-0.3395783i,-0.4280124-0.7978837i,0.1802247-0.8959365i,0.7168543-0.5804468i,0.9308028+0.01107259i,0.7150667+0.608913i,0.1610856+0.9334106i,-0.4781997+0.826296i,-0.9032533+0.3293891i,-0.9093689-0.3295195i,-0.4872416-0.8409221i,0.1682024-0.9606292i,0.7482188-0.6285928i,0.9777765-1.336029e-19i,0.7481497+0.6282347i,0.1690062+0.9600241i,-0.4853542+0.841521i,-0.9081457+0.3325227i,-0.9053109-0.325144i,-0.4842221-0.8244071i,0.1541159-0.9371861i,0.7124004-0.6179948i,0.7282648+0.5768094i,0.1917718+0.9015188i,-0.4231448+0.8103281i,-0.835126+0.3522886i,-0.8606646-0.2574797i,-0.4957383-0.7391784i,0.08620658-0.8771681i,0.6172972-0.6165917i,0.8592589-0.0841769i,0.7104013+0.4741937i,0.2472631+0.8078709i,-0.3154829+0.773884i,-0.7253255+0.3969241i,-0.8049391-0.1474286i,-0.5275097-0.6151331i,-0.02335683-0.8026373i,0.481762-0.6340587i,0.7672089-0.190228i,0.712512+0.3304144i,0.3468027+0.7000403i,-0.1668296+0.7599077i,-0.6036695+0.4872132i,-0.7745268+0.002883321i,-0.6062967-0.4817536i,-0.1723988-0.7559668i,0.338981-0.6997274i},
		{0.851651+0.07653067i,0.6157489+0.6053288i,0.09229691+0.8668514i,-0.4839662+0.7349553i,-0.8486844+0.2621131i,-0.8292619-0.3407815i,-0.4265597-0.7981307i,0.1814258-0.895285i,0.7173765-0.5792733i,0.9305136+0.01226427i,0.7141335+0.6096401i,0.1599453+0.9333739i,-0.4789914+0.8255538i,-0.9033226+0.3283871i,-0.9087893-0.3301967i,-0.4864987-0.8409621i,0.1685952-0.9602231i,0.7481497-0.6282347i,0.9775958+4.078312e-19i,0.7482679+0.6280603i,0.1694085+0.9601458i,-0.4851629+0.8421397i,-0.908644+0.333229i,-0.9063705-0.3250815i,-0.4850502-0.8253231i,0.1543388-0.9385523i,0.9374298-0.01999739i,0.7287263+0.5784596i,0.1907182+0.9029704i,-0.4250026+0.8104192i,-0.8364084+0.3508734i,-0.8604056-0.2594005i,-0.4941181-0.7402458i,0.08805723-0.8766896i,0.6181901-0.6149714i,0.8587642-0.08249027i,0.7089827+0.4750185i,0.2457801+0.8075771i,-0.3163729+0.7728182i,-0.7254037+0.3956335i,-0.8042971-0.1484965i,-0.5263706-0.6156643i,-0.02205976-0.8024074i,0.4827212-0.633031i,0.7673193-0.1887344i,0.7115868+0.3316861i,0.3452267+0.700397i,-0.1682468+0.7591248i,-0.6041952+0.4857241i,-0.7739737+0.001490009i,-0.6050767-0.4824139i,-0.1711574-0.755758i},
		{0.701372-0.4740028i,0.8512592+0.07864362i,0.6140977+0.6065778i,0.09034032+0.8666949i,-0.4852591+0.7336485i,-0.8488356+0.2604092i,-0.8283843-0.3421115i,-0.425143-0.7986186i,0.1827846-0.8948389i,0.7181585-0.5781301i,0.9304211+0.01361311i,0.7132297+0.6105959i,0.1586916+0.9335036i,-0.4799435+0.8248652i,-0.9035323+0.327356i,-0.908323-0.3309538i,-0.485835-0.8411446i,0.1690062-0.9600241i,0.7482679-0.6280603i,0.9777346+3.736461e-19i,0.7486435+0.6281592i,0.1697749+0.9606934i,-0.485354+0.8430384i,-0.9096426+0.3338175i,-0.9076781-0.3255052i,-0.4856585-0.8267629i,0.7155306-0.6191594i,0.9390091-0.01881654i,0.7288394+0.5805174i,0.1891704+0.9044291i,-0.4271582+0.8101881i,-0.8376611+0.3490875i,-0.859918-0.2615094i,-0.4922839-0.7412987i,0.0900102-0.8761249i,0.6191301-0.6132941i,0.8583412-0.08074829i,0.7076334+0.4759791i,0.2442496+0.8074922i,-0.3174853+0.7718979i,-0.7257783+0.3942777i,-0.8038247-0.1498426i,-0.5251451-0.6165162i,-0.02047898-0.8023326i,0.4839676-0.6319152i,0.7675557-0.1870067i,0.7106068+0.333174i,0.3435099+0.700861i,-0.1698001+0.7583582i,-0.6048371+0.4842077i,-0.7735343+2.287032e-05i,-0.603935-0.48323i},
		{0.2425521-0.8023378i,0.7026145-0.4721384i,0.8509524+0.08077737i,0.6125482+0.6079121i,0.08841953+0.8667165i,-0.48667+0.7325333i,-0.8492386+0.2587664i,-0.8277461-0.3435899i,-0.4237907-0.7993907i,0.1842972-0.8946365i,0.719206-0.5770516i,0.9305468+0.01508064i,0.7124085+0.6117536i,0.1573977+0.933819i,-0.4810109+0.8243086i,-0.9039134+0.3263938i,-0.9080721-0.3317465i,-0.4853542-0.841521i,0.1694085-0.9601458i,0.7486435-0.6281592i,0.9782994+5.997102e-19i,0.7493343+0.6286082i,0.1700805+0.9617465i,-0.4859929+0.8442363i,-0.9111783+0.3342519i,-0.9092177-0.3264485i,0.1564291-0.9417691i,0.7177737-0.6192793i,0.9406325-0.01714303i,0.7286438+0.5828959i,0.1872389+0.9058719i,-0.4295148+0.8097168i,-0.8388882+0.3470683i,-0.8593157-0.2637182i,-0.4903776-0.7423683i,0.09199944-0.8755991i,0.6201661-0.6116838i,0.858103-0.07899184i,0.7064448+0.4771243i,0.242694+0.8076972i,-0.3188497+0.7711782i,-0.7264869+0.3928741i,-0.8035471-0.1514632i,-0.5238605-0.6176836i,-0.01865704-0.8024228i,0.485464-0.6307597i,0.767928-0.1851208i,0.7096443+0.3348263i,0.3417473+0.7014536i,-0.1714407+0.757697i,-0.6056302+0.4827594i,-0.7732996-0.001483417i},
		{-0.3143266-0.7683919i,0.244798-0.801874i,0.7039383-0.4703783i,0.8508219+0.08286224i,0.611205+0.6093492i,0.08658832+0.8669929i,-0.4882104+0.7316875i,-0.8499397+0.2572269i,-0.8273951-0.3452072i,-0.4225445-0.800454i,0.185922-0.8947019i,0.7204884-0.5760918i,0.9309036+0.01658973i,0.7117446+0.613057i,0.1561687+0.9343368i,-0.4821299+0.8239804i,-0.9044974+0.3256166i,-0.9081457-0.3325227i,-0.4851629-0.8421397i,0.1697749-0.9606934i,0.7493343-0.6286082i,0.9793714+1.338604e-19i,0.7503764+0.6294591i,0.1703068+0.9633443i,-0.4871056+0.8457282i,-0.91324+0.3345118i,-0.4861282-0.8311163i,0.1582164-0.9435354i,0.7203533-0.6191231i,0.9422609-0.01509028i,0.7282121+0.5854815i,0.1850688+0.907282i,-0.4319622+0.8091115i,-0.8401003+0.3449707i,-0.8587212-0.2659367i,-0.4885403-0.7434863i,0.09396117-0.8752283i,0.6213354-0.6102502i,0.8581368-0.07726117i,0.705487+0.4784781i,0.2411415+0.8082358i,-0.3204609+0.7706929i,-0.7275266+0.3914535i,-0.8034742-0.1533151i,-0.5225633-0.6191251i,-0.01667282-0.8026789i,0.4871467-0.6296318i,0.7684426-0.1831791i,0.7087834+0.3365755i,0.3400466+0.7021924i,-0.1731119+0.75723i,-0.6066008+0.4814732i},
		{-0.7212598-0.395566i,-0.3124072-0.7696549i,0.2469798-0.8015834i,0.7053456-0.4688382i,0.8509431+0.0848267i,0.6101575+0.6108894i,0.08490254+0.8675717i,-0.4898646+0.7311676i,-0.8509471+0.2558394i,-0.8273574-0.3469191i,-0.4214585-0.8017759i,0.1875801-0.8950421i,0.7219407-0.5753201i,0.9314945+0.0180315i,0.7113266+0.6144262i,0.1551291+0.9350688i,-0.4832258+0.8239824i,-0.9053109+0.325144i,-0.908644-0.333229i,-0.485354-0.8430384i,0.1700805-0.9617465i,0.7503764-0.6294591i,0.9809909-1.77262e-18i,0.7517757+0.6307284i,0.1704431+0.9654766i,-0.4886718+0.8474815i,-0.9128329-0.3297777i,-0.4860124-0.8338649i,0.1603618-0.9453365i,0.7231406-0.6187515i,0.9438567-0.01280759i,0.7276393+0.5881434i,0.182824+0.9086477i,-0.4343865+0.8084878i,-0.8413094+0.3429493i,-0.8582488-0.2680782i,-0.4868969-0.7446762i,0.095837-0.8751028i,0.622655-0.609077i,0.8584916-0.07559546i,0.704802+0.4800336i,0.2396261+0.8091083i,-0.3222765+0.7704518i,-0.7288537+0.3900589i,-0.8035989-0.1553193i,-0.5213134-0.6207675i,-0.01463223-0.8030929i,0.4889321-0.628608i,0.7690991-0.1812973i,0.7081078+0.338345i,0.3385133+0.7030863i,-0.1747549+0.7570316i},
		{-0.8026096+0.1445868i,-0.7208171-0.3977686i,-0.3107201-0.7709799i,0.2490099-0.8015371i,0.7068243-0.467616i,0.8513628+0.08660241i,0.6094693+0.6125103i,0.08341744+0.8684617i,-0.4915866+0.7310021i,-0.8522272+0.2546576i,-0.8276358-0.3486477i,-0.4205957-0.8032857i,0.1891628-0.8956481i,0.723471-0.5748151i,0.9323128+0.01927778i,0.711246+0.6157677i,0.1544069+0.93602i,-0.4842221+0.8244071i,-0.9063705+0.3250815i,-0.9096426-0.3338175i,-0.4859929-0.8442363i,0.1703068-0.9633443i,0.7517757-0.6307284i,0.9831474-7.359765e-19i,0.7535035+0.6323914i,0.1704882+0.9680788i,-0.9186417+0.3345193i,-0.9147853-0.3319834i,-0.4857181-0.8368189i,0.1627158-0.9471135i,0.7259871-0.6182449i,0.945384-0.01046349i,0.7270291+0.5907463i,0.1806682+0.9099591i,-0.4366798+0.807954i,-0.842523+0.3411413i,-0.857989-0.2700669i,-0.4855432-0.7459463i,0.09757681-0.8752751i,0.6241158-0.6082141i,0.8591714-0.07403183i,0.7044009+0.4817505i,0.2381866+0.8102712i,-0.3242205+0.7704414i,-0.7303892+0.3887414i,-0.8038993-0.1573705i,-0.5201771-0.622515i,-0.01265477-0.8036469i,0.4907266-0.6277633i,0.769889-0.1795893i,0.7076868+0.3400576i,0.3372374+0.7041311i},
		{-0.5295516+0.6116438i,-0.803809+0.1428179i,-0.7206084-0.39979i,-0.3093686-0.7723429i,0.2508091-0.8017789i,0.7083456-0.4667801i,0.8520901+0.08812882i,0.6091706+0.6141649i,0.08218482+0.86963i,-0.4933013+0.7311895i,-0.8537071+0.2537362i,-0.8282098-0.3502877i,-0.4200222-0.8048835i,0.190543-0.8964958i,0.7249715-0.574655i,0.9333427+0.02019726i,0.7115842+0.6169857i,0.1541159+0.9371861i,-0.4850502+0.8253231i,-0.9076781+0.3255052i,-0.9111783-0.3342519i,-0.4871056-0.8457282i,0.1704431-0.9654766i,0.7535035-0.6323914i,0.985776+4.65845e-19i,0.7554964+0.6343824i,-0.4928545+0.8515124i,-0.9217203+0.3343156i,-0.9167317-0.3343657i,-0.4853083-0.8398147i,0.1651095-0.9488065i,0.7287384-0.6176916i,0.9468102-0.008226453i,0.72648+0.5931628i,0.178747+0.9112059i,-0.4387497+0.8075968i,-0.843739+0.3396517i,-0.857996-0.2718422i,-0.4845362-0.7472852i,0.0991409-0.8757532i,0.6256812-0.6076742i,0.860135-0.07260401i,0.7042645+0.4835589i,0.2368637+0.8116432i,-0.3261924+0.7706273i,-0.7320288+0.3875546i,-0.8043411-0.1593502i,-0.5192178-0.6242602i,-0.01085783-0.8043146i,0.4924371-0.6271592i,0.7707929-0.1781517i,0.7075644+0.3416432i},
		{-0.02844205+0.8026801i,-0.53149+0.6112951i,-0.8050131+0.141397i,-0.7206725-0.4015426i,-0.3084237-0.773708i,0.2523132-0.802317i,0.7098625-0.466362i,0.853093+0.08935691i,0.6092563+0.6157837i,0.08125013+0.8710036i,-0.4949113+0.7316999i,-0.8552827+0.2531274i,-0.8290401-0.3517187i,-0.4198008-0.806452i,0.1915917-0.8975499i,0.7263317-0.5749075i,0.93456+0.0206732i,0.7124004+0.6179948i,0.1543388+0.9385523i,-0.4856585+0.8267629i,-0.9092177+0.3264485i,-0.91324-0.3345118i,-0.4886718-0.8474815i,0.1704882-0.9680788i,0.7554964-0.6343824i,0.9887601+4.116357e-19i,0.1703465+0.9741913i,-0.4952227+0.8536091i,-0.9248259+0.3340274i,-0.9185888-0.3367606i,-0.4848523-0.8426827i,0.1673749-0.9503589i,0.7312505-0.6171761i,0.9481053-0.006245901i,0.7260716+0.5952855i,0.1771716+0.9123744i,-0.440526+0.8074701i,-0.8449433+0.3385428i,-0.8582812-0.2733625i,-0.4838898-0.7486607i,0.1005016-0.8764999i,0.6272897-0.6074335i,0.8613018-0.07134049i,0.7043476+0.4853671i,0.2356957+0.8131158i,-0.3280796+0.7709594i,-0.7336561+0.3865473i,-0.8048806-0.1611423i,-0.5184861-0.625898i,-0.009341118-0.8050617i,0.4939816-0.6268339i,0.7717804-0.1770515i},
		{0.768562+0.1977878i,0.4776695+0.640585i,-0.03086229+0.804642i,-0.5343984+0.6113625i,-0.8072653+0.1398421i,-0.7216102-0.404001i,-0.307836-0.7762523i,0.254277-0.8041269i,0.7126215-0.4667088i,0.8556157+0.09079389i,0.6104023+0.6185581i,0.08040881+0.8739346i,-0.4973784+0.7334628i,-0.8582326+0.2530138i,-0.8312526-0.3534815i,-0.4206-0.8090363i,0.1922677-0.9001054i,0.7282648-0.5768094i,0.9374298+0.01999739i,0.7155306+0.6191594i,0.1564291+0.9417691i,-0.4861282+0.8311163i,-0.9128329+0.3297777i,-0.9186417-0.3345193i,-0.4928545-0.8515124i,0.1703465-0.9741913i,0.9951373-1.204843e-21i,0.7620345+0.6411801i,0.1700289+0.9803663i,-0.4997543+0.8574485i,-0.9304075+0.3333876i,-0.9217255-0.3409546i,-0.4840569-0.8474312i,0.1709604-0.9528544i,0.7351112-0.6165089i,0.9502031-0.003463367i,0.7258437+0.5983717i,0.1752712+0.9144023i,-0.4430565+0.807924i,-0.8471973+0.3374821i,-0.8595203-0.2755742i,-0.4835335-0.7513069i,0.1025644-0.8784652i,0.6303131-0.6076087i,0.8637991-0.06938252i,0.7049051+0.4885793i,0.2339398+0.8158814i,-0.3311787+0.7718217i,-0.7364358+0.3852006i,-0.8060576-0.1638016i,-0.517798-0.6285108i,-0.007384178-0.8066306i},
		{0.7198167-0.3253366i,0.7692784+0.1987218i,0.4776819+0.6416602i,-0.03141176+0.8054703i,-0.5352672+0.6117561i,-0.8082232+0.1397231i,-0.7223964-0.404655i,-0.3081309-0.7773187i,0.2547108-0.8052399i,0.7137132-0.4673548i,0.8569189+0.09097873i,0.6113173+0.6195266i,0.08053924+0.8752478i,-0.4980323+0.7345744i,-0.8593743+0.2535575i,-0.8325185-0.3536297i,-0.4216608-0.8098683i,0.1917718-0.9015188i,0.7287263-0.5784596i,0.9390091+0.01881654i,0.7177737+0.6192793i,0.1582164+0.9435354i,-0.4860124+0.8338649i,-0.9147853+0.3319834i,-0.9217203-0.3343156i,-0.4952227-0.8536091i,0.7620345-0.6411801i,0.9981562+6.441568e-19i,0.7639959+0.6432629i,0.1698636+0.9830235i,-0.5016292+0.8590002i,-0.9325776+0.3331203i,-0.9228826-0.3425007i,-0.4838084-0.8490911i,0.1721012-0.9537312i,0.7363321-0.616417i,0.9509668-0.002743664i,0.7260191+0.5992859i,0.1749286+0.915215i,-0.4438105+0.8084167i,-0.8481641+0.3374304i,-0.8603073-0.2762817i,-0.4836738-0.7524469i,0.1032729-0.8794621i,0.6315588-0.6078608i,0.8648905-0.068702i,0.7052307+0.4898032i,0.2333781+0.8169572i,-0.3322358+0.7722315i,-0.737422+0.384877i,-0.8065998-0.1645733i,-0.5178189-0.6293825i},
		{0.3566568-0.701552i,0.7206629-0.3252426i,0.7698502+0.1992169i,0.4779014+0.6423185i,-0.03152959+0.8061467i,-0.5357338+0.6123282i,-0.8090117+0.1399832i,-0.7232902-0.4049363i,-0.3087205-0.7781717i,0.2547949-0.8063523i,0.7145155-0.4682004i,0.8580936+0.09081563i,0.6123485+0.6201077i,0.08103901+0.8763111i,-0.4982019+0.7357469i,-0.8601784+0.2545031i,-0.833822-0.3532279i,-0.4231448-0.8103281i,0.1907182-0.9029704i,0.7288394-0.5805174i,0.9406325+0.01714303i,0.7203533+0.6191231i,0.1603618+0.9453365i,-0.4857181+0.8368189i,-0.9167317+0.3343657i,-0.9248259-0.3340274i,0.1700289-0.9803663i,0.7639959-0.6432629i,1.000822-4.154671e-19i,0.7656597+0.6450384i,0.1697214+0.9851934i,-0.5030969+0.8602101i,-0.9341939+0.3329263i,-0.923715-0.34358i,-0.4836845-0.8502022i,0.1727713-0.9543386i,0.7370664-0.6164762i,0.9515231-0.002441652i,0.7263286+0.5998065i,0.174906+0.9158598i,-0.4442649+0.8089793i,-0.8489631+0.3375792i,-0.8610642-0.2767601i,-0.4838991-0.7533793i,0.1037877-0.8803159i,0.6325324-0.6081075i,0.8657391-0.0682114i,0.7054961+0.4906909i,0.233018+0.817726i,-0.3329191+0.772559i,-0.7380818+0.3847595i,-0.8070561-0.1649781i},
		{-0.1600238-0.768383i,0.3570515-0.7018866i,0.7210891-0.325328i,0.7702504+0.1992935i,0.4782824+0.6425701i,-0.03127339+0.806645i,-0.5358288+0.6130056i,-0.809595+0.1405368i,-0.7241948-0.4048812i,-0.3095063-0.7787616i,0.2545598-0.8073558i,0.7149704-0.4691511i,0.8590378+0.09032546i,0.6134189+0.6202489i,0.08189172+0.8770475i,-0.4978588+0.7369252i,-0.8606061+0.2558257i,-0.835126-0.3522886i,-0.4250026-0.8104192i,0.1891704-0.9044291i,0.7286438-0.5828959i,0.9422609+0.01509028i,0.7231406+0.6187515i,0.1627158+0.9471135i,-0.4853083+0.8398147i,-0.9185888+0.3367606i,-0.4997543-0.8574485i,0.1698636-0.9830235i,0.7656597-0.6450384i,1.002992+5.226227e-19i,0.7669458+0.6464147i,0.1696154+0.9867797i,-0.504099+0.861039i,-0.9352147+0.3328152i,-0.9242126-0.3441801i,-0.4836751-0.8507716i,0.1730068-0.9546775i,0.737355-0.6166449i,0.9518664-0.002480232i,0.726698+0.5999892i,0.1751015+0.9163141i,-0.4444727+0.8095135i,-0.849554+0.3378212i,-0.8616849-0.2770496i,-0.4841136-0.7540548i,0.1041353-0.8809319i,0.6331913-0.6082749i,0.866278-0.06789004i,0.7056504+0.4912232i,0.2328319+0.8181562i,-0.3332445+0.7727693i,-0.7384176+0.3848009i},
		{-0.6042769-0.4987803i,-0.1600229-0.7685736i,0.3570516-0.7020361i,0.7211152-0.3255544i,0.7704684+0.1990104i,0.4787639+0.64246i,-0.03073114+0.8069502i,-0.5356072+0.6137051i,-0.8099467+0.1412807i,-0.725014-0.4045407i,-0.3103875-0.7790523i,0.2540451-0.8081571i,0.7150419-0.4701234i,0.8596796+0.08953794i,0.6144694+0.6199309i,0.08306725+0.8774213i,-0.4970178+0.7380736i,-0.8606646+0.2574797i,-0.8364084-0.3508734i,-0.4271582-0.8101881i,0.1872389-0.9058719i,0.7282121-0.5854815i,0.9438567+0.01280759i,0.7259871+0.6182449i,0.1651095+0.9488065i,-0.4848523+0.8426827i,-0.9304075-0.3333876i,-0.5016292-0.8590002i,0.1697214-0.9851934i,0.7669458-0.6464147i,1.004567+9.038695e-20i,0.7678084+0.6473393i,0.1695507+0.9877412i,-0.5046246+0.8614781i,-0.9356519+0.3327807i,-0.9243871-0.3443374i,-0.483749-0.8508513i,0.1728861-0.9547613i,0.7372706-0.6168625i,0.9519979-0.002753548i,0.7270423+0.5999079i,0.175401+0.9165615i,-0.4444954+0.8099238i,-0.8499076+0.3380523i,-0.8620818-0.2771944i,-0.4842364-0.7544449i,0.1043476-0.8812471i,0.6335236-0.6083093i,0.866479-0.06770738i,0.7056623+0.4914179i,0.2327775+0.8182558i,-0.3332651+0.772842i},
		{-0.7829618-0.01156627i,-0.6042172-0.4986775i,-0.1601392-0.768381i,0.3567153-0.7020036i,0.7207975-0.3258734i,0.7705091+0.1984551i,0.4792776+0.6420586i,-0.03000753+0.8070592i,-0.5351381+0.6143448i,-0.8100531+0.1421104i,-0.7256659-0.4039722i,-0.3112755-0.7790256i,0.2532939-0.8086918i,0.714722-0.4710551i,0.8599877+0.08848896i,0.6154659+0.6191725i,0.08452313+0.8774429i,-0.4957383+0.7391784i,-0.8604056+0.2594005i,-0.8376611-0.3490875i,-0.4295148-0.8097168i,0.1850688-0.907282i,0.7276393-0.5881434i,0.945384+0.01046349i,0.7287384+0.6176916i,0.1673749+0.9503589i,-0.9217255+0.3409546i,-0.9325776-0.3331203i,-0.5030969-0.8602101i,0.1696154-0.9867797i,0.7678084-0.6473393i,1.005508-3.743474e-19i,0.768239+0.6478031i,0.1695245+0.9880928i,-0.5047091+0.8615485i,-0.9355659+0.3328023i,-0.9242694-0.3441293i,-0.4838603-0.8505286i,0.1725164-0.9546144i,0.7369066-0.6170595i,0.9519258-0.003143272i,0.7272789+0.5996449i,0.1756944+0.9165949i,-0.4443955+0.8101315i,-0.8500115+0.3381861i,-0.8621972-0.2772386i,-0.4842114-0.7545467i,0.1044591-0.8812373i,0.63355-0.6081823i,0.8663548-0.06762534i,0.7055209+0.4913272i,0.2328024+0.8180685i},
		{-0.6186883+0.4806244i,-0.7825742-0.01151299i,-0.6039797-0.4982701i,-0.1603373-0.7678701i,0.3561272-0.7018119i,0.7202188-0.3262329i,0.7703906+0.197731i,0.4797577+0.6414506i,-0.02920816+0.8069798i,-0.5344948+0.6148562i,-0.8099144+0.1429347i,-0.7260951-0.4032313i,-0.3121065-0.7786853i,0.252348-0.8089339i,0.7140331-0.4719138i,0.8599758+0.0872181i,0.6164021+0.6180298i,0.08620658+0.8771681i,-0.4941181+0.7402458i,-0.859918+0.2615094i,-0.8388882-0.3470683i,-0.4319622-0.8091115i,0.182824-0.9086477i,0.7270291-0.5907463i,0.9468102+0.008226453i,0.7312505+0.6171761i,-0.4840569+0.8474312i,-0.9228826+0.3425007i,-0.9341939-0.3329263i,-0.504099-0.861039i,0.1695507-0.9877412i,0.768239-0.6478031i,1.00583+1.183497e-18i,0.7682653+0.6478384i,0.1695265+0.9879004i,-0.5044265+0.8612959i,-0.9350552+0.3328492i,-0.9239051-0.3436611i,-0.4839559-0.8499131i,0.1720171-0.9542688i,0.7363639-0.6171681i,0.9516653-0.003535515i,0.7273403+0.5992801i,0.1758906+0.9164191i,-0.4442294+0.8100861i,-0.8498729+0.3381635i,-0.862011-0.2772217i,-0.4840118-0.7543837i,0.1045046-0.8809184i,0.6333204-0.6078909i,0.8659542-0.06760146i,0.7052349+0.4910294i},
		{-0.1827418+0.76318i,-0.6182023+0.4802376i,-0.7818999-0.01139217i,-0.6036022-0.4976369i,-0.160581-0.7671323i,0.3553859-0.7014984i,0.719476-0.3265836i,0.7701414+0.1969413i,0.48015+0.6407226i,-0.02842415+0.8067302i,-0.5337441+0.6151941i,-0.8095461+0.1436892i,-0.7262815-0.4023654i,-0.3128497-0.7780581i,0.2512444-0.8088997i,0.713028-0.4726995i,0.8597017+0.08576676i,0.6172972+0.6165917i,0.08805723+0.8766896i,-0.4922839+0.7412987i,-0.8593157+0.2637182i,-0.8401003-0.3449707i,-0.4343865-0.8084878i,0.1806682-0.9099591i,0.72648-0.5931628i,0.9481053+0.006245901i,0.1709604+0.9528544i,-0.4838084+0.8490911i,-0.923715+0.34358i,-0.9352147-0.3328152i,-0.5046246-0.8614781i,0.1695245-0.9880928i,0.7682653-0.6478384i,1.005601+2.67198e-19i,0.7679456+0.6475129i,0.1695413+0.9872695i,-0.503877+0.8607849i,-0.9342417+0.3328857i,-0.9233485-0.3430506i,-0.4839842-0.8491213i,0.1715037-0.9537614i,0.7357382-0.617133i,0.9512383-0.003835888i,0.7271835+0.5988821i,0.175928+0.9160514i,-0.4440421+0.8097711i,-0.8495182+0.3379586i,-0.8615413-0.2771761i,-0.4836408-0.7540032i,0.1045172-0.8803423i,0.6329075-0.6074554i,0.865353-0.06759264i},
		{0.3355961+0.7118937i,-0.1826568+0.7623841i,-0.617521+0.4797302i,-0.7810346-0.01122363i,-0.6031388-0.4968687i,-0.1608384-0.7662721i,0.3545894-0.7011097i,0.7186651-0.3268866i,0.7697959+0.1961749i,0.4804201+0.6399504i,-0.02771923+0.806337i,-0.5329384+0.615344i,-0.8089784+0.1443446i,-0.7262432-0.4014093i,-0.3135101-0.7771922i,0.2500138-0.808647i,0.711785-0.473442i,0.8592589+0.0841769i,0.6181901+0.6149714i,0.0900102+0.8761249i,-0.4903776+0.7423683i,-0.8587212+0.2659367i,-0.8413094-0.3429493i,-0.4366798-0.807954i,0.178747-0.9112059i,0.7260716-0.5952855i,0.7351112+0.6165089i,0.1721012+0.9537312i,-0.4836845+0.8502022i,-0.9242126+0.3441801i,-0.9356519-0.3327807i,-0.5047091-0.8615485i,0.1695265-0.9879004i,0.7679456-0.6475129i,1.004929-5.347614e-19i,0.7673599+0.6469186i,0.1695508+0.9863296i,-0.5031731+0.8600892i,-0.933254+0.332877i,-0.9226567-0.3424115i,-0.483903-0.8482625i,0.1710718-0.9531309i,0.7351093-0.6169194i,0.9506728-0.003980656i,0.7267957+0.5985019i,0.1757803+0.9155215i,-0.4438649+0.8092055i,-0.8489915+0.3375785i,-0.8608406-0.2771263i,-0.4831274-0.7534704i,0.1045259-0.8795872i,0.6323962-0.6069121i},
